x0=190;
y0=150;

L=10;
Mag=1/20;
